# PARSEC parameters for a18
# Fit error: 0.004522
rLE = 0.100000
Xup = 0.504534
Yup = 0.086199
YXXup = -0.499666
Xlo = 0.371185
Ylo = -0.033209
YXXlo = 0.500505
Xte = 0.950000
Yte = 0.046109
Yte' = -0.002983
Δyte'' = 0.000000
