# PARSEC parameters for ag03
# Fit error: 0.001662
rLE = 0.100000
Xup = 0.424365
Yup = 0.160014
YXXup = -0.499286
Xlo = 0.100000
Ylo = -0.012031
YXXlo = 0.501332
Xte = 0.950000
Yte = 0.050000
Yte' = -0.003547
Δyte'' = 0.000000
