# PARSEC parameters for ag04
# Fit error: 0.001528
rLE = 0.100000
Xup = 0.417457
Yup = 0.169518
YXXup = -0.195384
Xlo = 0.100135
Ylo = -0.027450
YXXlo = 0.481370
Xte = 0.950000
Yte = 0.050000
Yte' = 0.125105
Δyte'' = 0.309926
