# PARSEC parameters for ag08
# Fit error: 0.001239
rLE = 0.100000
Xup = 0.349289
Yup = 0.010000
YXXup = -0.552213
Xlo = 0.202652
Ylo = -0.010000
YXXlo = 0.560608
Xte = 0.950000
Yte = 0.049425
Yte' = -0.200000
Δyte'' = 0.000000
