# PARSEC parameters for ag11
# Fit error: 0.001657
rLE = 0.100000
Xup = 0.431131
Yup = 0.299981
YXXup = -0.487654
Xlo = 0.100000
Ylo = -0.010036
YXXlo = 0.511834
Xte = 0.950000
Yte = 0.020744
Yte' = -0.004705
Δyte'' = 0.000000
