# PARSEC parameters for ag12
# Fit error: 0.001157
rLE = 0.100000
Xup = 0.229330
Yup = 0.010000
YXXup = -0.000009
Xlo = 0.132764
Ylo = -0.019171
YXXlo = 2.817122
Xte = 0.950000
Yte = 0.008347
Yte' = -0.200000
Δyte'' = 0.000000
