# PARSEC parameters for ag14
# Fit error: 0.001035
rLE = 0.100000
Xup = 0.228342
Yup = 0.010000
YXXup = 0.000000
Xlo = 0.130792
Ylo = -0.014706
YXXlo = 2.202389
Xte = 0.950000
Yte = 0.008255
Yte' = -0.200000
Δyte'' = 0.000000
