# PARSEC parameters for ag16
# Fit error: 0.001591
rLE = 0.100000
Xup = 0.341797
Yup = 0.010000
YXXup = -0.482446
Xlo = 0.116063
Ylo = -0.010000
YXXlo = 0.518287
Xte = 0.950000
Yte = 0.050000
Yte' = -0.200000
Δyte'' = 0.000000
