# PARSEC parameters for ag17
# Fit error: 0.001430
rLE = 0.100000
Xup = 0.335788
Yup = 0.010000
YXXup = -0.481802
Xlo = 0.196772
Ylo = -0.010000
YXXlo = 0.507778
Xte = 0.950000
Yte = 0.044986
Yte' = -0.200000
Δyte'' = 0.000000
