# PARSEC parameters for ag18
# Fit error: 0.001237
rLE = 0.100000
Xup = 0.242725
Yup = 0.010000
YXXup = -0.164735
Xlo = 0.193082
Ylo = -0.010000
YXXlo = 1.377729
Xte = 0.950000
Yte = 0.006683
Yte' = -0.200000
Δyte'' = 0.000000
