# PARSEC parameters for ag19
# Fit error: 0.001108
rLE = 0.100000
Xup = 0.616680
Yup = 0.010000
YXXup = -1.793976
Xlo = 0.100000
Ylo = -0.010000
YXXlo = 0.520099
Xte = 0.950000
Yte = -0.019022
Yte' = 0.200000
Δyte'' = 0.500000
