# PARSEC parameters for ag24
# Fit error: 0.002531
rLE = 0.100000
Xup = 0.443881
Yup = 0.164123
YXXup = -0.499923
Xlo = 0.100000
Ylo = -0.010000
YXXlo = 0.500138
Xte = 0.950000
Yte = 0.050000
Yte' = 0.004258
Δyte'' = 0.000000
