# PARSEC parameters for ag25
# Fit error: 0.002268
rLE = 0.100000
Xup = 0.439704
Yup = 0.159900
YXXup = -0.499954
Xlo = 0.100000
Ylo = -0.014656
YXXlo = 0.500170
Xte = 0.950000
Yte = 0.050000
Yte' = -0.003195
Δyte'' = 0.000000
