# PARSEC parameters for ag27
# Fit error: 0.001573
rLE = 0.100000
Xup = 0.309342
Yup = 0.010000
YXXup = -0.546350
Xlo = 0.133982
Ylo = -0.010000
YXXlo = 0.506085
Xte = 0.950000
Yte = 0.020248
Yte' = -0.200000
Δyte'' = 0.000000
