# PARSEC parameters for ag35
# Fit error: 0.004177
rLE = 0.100000
Xup = 0.530994
Yup = 0.103901
YXXup = -0.498899
Xlo = 0.450300
Ylo = -0.131731
YXXlo = 0.500722
Xte = 0.950000
Yte = 0.025024
Yte' = -0.002465
Δyte'' = 0.000027
