# PARSEC parameters for ag36
# Fit error: 0.003710
rLE = 0.100000
Xup = 0.520655
Yup = 0.088765
YXXup = -0.499891
Xlo = 0.405254
Ylo = -0.010049
YXXlo = 0.500250
Xte = 0.950000
Yte = 0.014257
Yte' = -0.000849
Δyte'' = 0.000000
