# PARSEC parameters for ag37
# Fit error: 0.003370
rLE = 0.100000
Xup = 0.510944
Yup = 0.095472
YXXup = -0.500019
Xlo = 0.349134
Ylo = -0.010009
YXXlo = 0.500262
Xte = 0.950000
Yte = 0.006577
Yte' = -0.000292
Δyte'' = 0.000001
