# PARSEC parameters for ag44ct02r
# Fit error: 0.001902
rLE = 0.100000
Xup = 0.428868
Yup = 0.155739
YXXup = -0.499978
Xlo = 0.100001
Ylo = -0.013464
YXXlo = 0.500190
Xte = 0.950000
Yte = 0.050000
Yte' = -0.004359
Δyte'' = 0.000000
