# PARSEC parameters for ag455ct02r
# Fit error: 0.001439
rLE = 0.100000
Xup = 0.354651
Yup = 0.010000
YXXup = -0.506377
Xlo = 0.197353
Ylo = -0.010000
YXXlo = 0.506241
Xte = 0.950000
Yte = 0.050000
Yte' = -0.200000
Δyte'' = 0.000000
