# PARSEC parameters for ag45c03
# Fit error: 0.001753
rLE = 0.100000
Xup = 0.319087
Yup = 0.010000
YXXup = -0.483553
Xlo = 0.108765
Ylo = -0.010000
YXXlo = 0.513111
Xte = 0.950000
Yte = 0.050000
Yte' = -0.200000
Δyte'' = 0.000000
