# PARSEC parameters for ag45ct02r
# Fit error: 0.001685
rLE = 0.100000
Xup = 0.420997
Yup = 0.151551
YXXup = -0.499990
Xlo = 0.100002
Ylo = -0.013658
YXXlo = 0.500154
Xte = 0.950000
Yte = 0.050000
Yte' = -0.003969
Δyte'' = 0.000000
