# PARSEC parameters for ag46c03
# Fit error: 0.001386
rLE = 0.100000
Xup = 0.331826
Yup = 0.010000
YXXup = -0.686539
Xlo = 0.202023
Ylo = -0.010000
YXXlo = 0.747637
Xte = 0.950000
Yte = 0.050000
Yte' = -0.200000
Δyte'' = 0.000000
