# PARSEC parameters for ag46ct02r
# Fit error: 0.001281
rLE = 0.100000
Xup = 0.356497
Yup = 0.010000
YXXup = -0.490419
Xlo = 0.203562
Ylo = -0.010000
YXXlo = 0.546950
Xte = 0.950000
Yte = 0.050000
Yte' = -0.200000
Δyte'' = 0.000000
