# PARSEC parameters for ag47c03
# Fit error: 0.000997
rLE = 0.100000
Xup = 0.322714
Yup = 0.010000
YXXup = -0.444260
Xlo = 0.204374
Ylo = -0.010000
YXXlo = 0.562355
Xte = 0.950000
Yte = 0.050000
Yte' = -0.200000
Δyte'' = 0.000000
