# PARSEC parameters for ag52
# Fit error: 0.002404
rLE = 0.100000
Xup = 0.438723
Yup = 0.141000
YXXup = -0.499936
Xlo = 0.100000
Ylo = -0.010048
YXXlo = 0.500494
Xte = 0.950000
Yte = 0.050000
Yte' = -0.003189
Δyte'' = 0.000000
