# PARSEC parameters for ag54
# Fit error: 0.002039
rLE = 0.100000
Xup = 0.439435
Yup = 0.046114
YXXup = -0.443837
Xlo = 0.202643
Ylo = -0.019902
YXXlo = 0.437027
Xte = 0.950000
Yte = -0.037547
Yte' = 0.150188
Δyte'' = 0.239749
