# PARSEC parameters for ag55
# Fit error: 0.001566
rLE = 0.100000
Xup = 0.347161
Yup = 0.010000
YXXup = -0.501783
Xlo = 0.101101
Ylo = -0.010000
YXXlo = 0.514478
Xte = 0.950000
Yte = 0.050000
Yte' = -0.200000
Δyte'' = 0.000000
