# PARSEC parameters for ah21-7
# Fit error: 0.003206
rLE = 0.100000
Xup = 0.457992
Yup = 0.174184
YXXup = -0.499942
Xlo = 0.131736
Ylo = -0.010000
YXXlo = 0.500085
Xte = 0.950000
Yte = -0.000090
Yte' = 0.000114
Δyte'' = 0.000063
