# PARSEC parameters for ah21-9
# Fit error: 0.002037
rLE = 0.100000
Xup = 0.430270
Yup = 0.160080
YXXup = -0.499931
Xlo = 0.134080
Ylo = -0.010000
YXXlo = 0.500173
Xte = 0.950000
Yte = 0.050000
Yte' = -0.001631
Δyte'' = 0.000000
