# PARSEC parameters for ah79k143
# Fit error: 0.006603
rLE = 0.100000
Xup = 0.487463
Yup = 0.264161
YXXup = -0.111363
Xlo = 0.190363
Ylo = -0.016567
YXXlo = 0.000000
Xte = 0.950000
Yte = -0.050000
Yte' = 0.200000
Δyte'' = 0.500000
