# PARSEC parameters for ah79k135
# Fit error: 0.006089
rLE = 0.100000
Xup = 0.486310
Yup = 0.211384
YXXup = -0.106993
Xlo = 0.196093
Ylo = -0.028469
YXXlo = 0.000000
Xte = 0.950000
Yte = -0.050000
Yte' = 0.200000
Δyte'' = 0.500000
