# PARSEC parameters for ah80140
# Fit error: 0.006401
rLE = 0.100000
Xup = 0.507372
Yup = 0.264821
YXXup = -0.107440
Xlo = 0.186599
Ylo = -0.241314
YXXlo = 0.000000
Xte = 0.950000
Yte = -0.050000
Yte' = 0.200000
Δyte'' = 0.500000
