# PARSEC parameters for ah80129
# Fit error: 0.006263
rLE = 0.100000
Xup = 0.487944
Yup = 0.267767
YXXup = -0.100910
Xlo = 0.181499
Ylo = -0.300000
YXXlo = 0.000000
Xte = 0.950000
Yte = -0.050000
Yte' = 0.200000
Δyte'' = 0.500000
