# PARSEC parameters for ah81k144
# Fit error: 0.007548
rLE = 0.100000
Xup = 0.499759
Yup = 0.267730
YXXup = -0.099592
Xlo = 0.180348
Ylo = -0.299999
YXXlo = 0.000000
Xte = 0.950000
Yte = -0.050000
Yte' = 0.200000
Δyte'' = 0.499998
