# PARSEC parameters for ah81k144wfKlappe
# Fit error: 0.008871
rLE = 0.100000
Xup = 0.618740
Yup = 0.010000
YXXup = -0.104143
Xlo = 0.100000
Ylo = -0.010000
YXXlo = 2.746219
Xte = 0.950000
Yte = -0.050000
Yte' = 0.200000
Δyte'' = 0.500000
