# PARSEC parameters for ah82150f
# Fit error: 0.008050
rLE = 0.100000
Xup = 0.495859
Yup = 0.263704
YXXup = -0.110540
Xlo = 0.189275
Ylo = -0.016052
YXXlo = 0.000000
Xte = 0.950000
Yte = -0.050000
Yte' = 0.200000
Δyte'' = 0.500000
