# PARSEC parameters for ah82150a
# Fit error: 0.007399
rLE = 0.100000
Xup = 0.494437
Yup = 0.263779
YXXup = -0.110540
Xlo = 0.189411
Ylo = -0.016543
YXXlo = 0.000000
Xte = 0.950000
Yte = -0.050000
Yte' = 0.200000
Δyte'' = 0.500000
