# PARSEC parameters for ah83150q
# Fit error: 0.007753
rLE = 0.100000
Xup = 0.512102
Yup = 0.265115
YXXup = -0.106578
Xlo = 0.185912
Ylo = -0.015144
YXXlo = 0.000051
Xte = 0.950000
Yte = -0.050000
Yte' = 0.199982
Δyte'' = 0.499952
