# PARSEC parameters for ah83159
# Fit error: 0.008462
rLE = 0.100000
Xup = 0.505653
Yup = 0.264618
YXXup = -0.108494
Xlo = 0.187494
Ylo = -0.016418
YXXlo = 0.000041
Xte = 0.950000
Yte = -0.050000
Yte' = 0.199985
Δyte'' = 0.499961
