# PARSEC parameters for ah85l120
# Fit error: 0.004326
rLE = 0.100000
Xup = 0.443784
Yup = 0.097379
YXXup = -5.000000
Xlo = 0.100000
Ylo = -0.143612
YXXlo = 4.957108
Xte = 0.950000
Yte = 0.005530
Yte' = -0.200000
Δyte'' = 0.026004
