# PARSEC parameters for ah88k136
# Fit error: 0.006328
rLE = 0.100000
Xup = 0.484965
Yup = 0.102407
YXXup = -0.499992
Xlo = 0.444353
Ylo = -0.023236
YXXlo = 0.500016
Xte = 0.950000
Yte = 0.000301
Yte' = -0.000030
Δyte'' = 0.000000
