# PARSEC parameters for ah93156
# Fit error: 0.008417
rLE = 0.100000
Xup = 0.505797
Yup = 0.167516
YXXup = -0.499978
Xlo = 0.352365
Ylo = -0.015730
YXXlo = 0.500049
Xte = 0.950000
Yte = -0.000706
Yte' = 0.000117
Δyte'' = 0.000076
