# PARSEC parameters for ah93k131
# Fit error: 0.006222
rLE = 0.100000
Xup = 0.490716
Yup = 0.111605
YXXup = -0.500011
Xlo = 0.416798
Ylo = -0.024030
YXXlo = 0.500017
Xte = 0.950000
Yte = -0.000190
Yte' = 0.000062
Δyte'' = 0.000035
