# PARSEC parameters for ah93k132
# Fit error: 0.006365
rLE = 0.100000
Xup = 0.491140
Yup = 0.206575
YXXup = -0.490755
Xlo = 0.100000
Ylo = -0.010335
YXXlo = 0.504869
Xte = 0.950000
Yte = 0.006337
Yte' = -0.001110
Δyte'' = 0.000586
