# PARSEC parameters for ah93w174
# Fit error: 0.009024
rLE = 0.100000
Xup = 0.515591
Yup = 0.246208
YXXup = -0.164062
Xlo = 0.231884
Ylo = -0.022477
YXXlo = 0.265974
Xte = 0.950000
Yte = -0.048621
Yte' = 0.200000
Δyte'' = 0.500000
