# PARSEC parameters for ah93k130
# Fit error: 0.006250
rLE = 0.100000
Xup = 0.490229
Yup = 0.162918
YXXup = -0.499915
Xlo = 0.289194
Ylo = -0.010010
YXXlo = 0.500191
Xte = 0.950000
Yte = 0.000066
Yte' = 0.000039
Δyte'' = 0.000045
