# PARSEC parameters for ah93157
# Fit error: nan
rLE = 0.010000
Xup = 0.453400
Yup = 0.115650
YXXup = -0.500000
Xlo = 0.455882
Ylo = -0.041200
YXXlo = 0.500000
Xte = 1.000000
Yte = 0.000000
Yte' = 0.000000
Δyte'' = 0.000000
