# PARSEC parameters for ah94156
# Fit error: 0.008278
rLE = 0.100000
Xup = 0.504588
Yup = 0.187545
YXXup = -0.499774
Xlo = 0.240518
Ylo = -0.010008
YXXlo = 0.500338
Xte = 0.950000
Yte = 0.000673
Yte' = -0.000022
Δyte'' = 0.000038
