# PARSEC parameters for ah95160
# Fit error: 0.009870
rLE = 0.100000
Xup = 0.525354
Yup = 0.183338
YXXup = -0.499726
Xlo = 0.100000
Ylo = -0.010000
YXXlo = 0.500475
Xte = 0.950000
Yte = -0.005980
Yte' = 0.000375
Δyte'' = 0.000387
