# PARSEC parameters for apex16
# Fit error: 0.005376
rLE = 0.100000
Xup = 0.477849
Yup = 0.149952
YXXup = -0.499622
Xlo = 0.305254
Ylo = -0.012673
YXXlo = 0.500577
Xte = 0.950000
Yte = 0.001267
Yte' = -0.000139
Δyte'' = 0.000065
