# PARSEC parameters for aquilasm
# Fit error: 0.004189
rLE = 0.100000
Xup = 0.481290
Yup = 0.104725
YXXup = -0.499777
Xlo = 0.363650
Ylo = -0.011937
YXXlo = 0.500609
Xte = 0.950000
Yte = 0.008046
Yte' = -0.000704
Δyte'' = 0.000000
