# PARSEC parameters for as5045
# Fit error: 0.005996
rLE = 0.100000
Xup = 0.480809
Yup = 0.153910
YXXup = -0.499994
Xlo = 0.265811
Ylo = -0.039350
YXXlo = 0.500025
Xte = 0.950000
Yte = -0.000035
Yte' = 0.000082
Δyte'' = 0.000039
