# PARSEC parameters for atr72sm
# Fit error: 0.006236
rLE = 0.100000
Xup = 0.658348
Yup = 0.010000
YXXup = -0.548261
Xlo = 0.259903
Ylo = -0.247332
YXXlo = 0.489845
Xte = 1.047845
Yte = -0.050000
Yte' = 0.200000
Δyte'' = 0.192412
