# PARSEC parameters for august160
# Fit error: 0.008486
rLE = 0.100000
Xup = 0.547871
Yup = 0.272326
YXXup = -0.088362
Xlo = 0.171337
Ylo = -0.300000
YXXlo = 0.000000
Xte = 0.950000
Yte = -0.050000
Yte' = 0.200000
Δyte'' = 0.500000
