# PARSEC parameters for avistar
# Fit error: 0.006375
rLE = 0.100000
Xup = 0.484915
Yup = 0.151699
YXXup = -0.500008
Xlo = 0.289338
Ylo = -0.032077
YXXlo = 0.500009
Xte = 0.950000
Yte = -0.000196
Yte' = 0.000093
Δyte'' = 0.000049
