# PARSEC parameters for b737b
# Fit error: nan
rLE = 0.010000
Xup = 0.900000
Yup = 0.300000
YXXup = -0.500000
Xlo = 0.326189
Ylo = -0.050000
YXXlo = 0.500000
Xte = 1.000000
Yte = 0.000000
Yte' = 0.000000
Δyte'' = 0.000000
