# PARSEC parameters for bacnlf
# Fit error: 0.003130
rLE = 0.100000
Xup = 0.434211
Yup = 0.113702
YXXup = -0.507108
Xlo = 0.191512
Ylo = -0.010000
YXXlo = 0.501682
Xte = 0.950000
Yte = 0.050000
Yte' = 0.044091
Δyte'' = 0.025075
