# PARSEC parameters for bambino6
# Fit error: 0.009110
rLE = 0.100000
Xup = 0.586306
Yup = 0.075822
YXXup = -0.500174
Xlo = 0.431958
Ylo = -0.015368
YXXlo = 0.500666
Xte = 0.950000
Yte = -0.050000
Yte' = 0.004568
Δyte'' = 0.002746
