# PARSEC parameters for boe103
# Fit error: nan
rLE = 0.010000
Xup = 0.900000
Yup = 0.300000
YXXup = -0.500000
Xlo = 0.386964
Ylo = -0.028880
YXXlo = 0.500000
Xte = 1.000000
Yte = 0.000000
Yte' = 0.000000
Δyte'' = 0.000000
