# PARSEC parameters for bw050209
# Fit error: 0.002708
rLE = 0.100000
Xup = 0.439124
Yup = 0.121734
YXXup = -0.499185
Xlo = 0.262451
Ylo = -0.010000
YXXlo = 0.501315
Xte = 0.950000
Yte = 0.023433
Yte' = -0.002647
Δyte'' = 0.000000
