# PARSEC parameters for bw3
# Fit error: 0.003500
rLE = 0.100000
Xup = 0.307857
Yup = 0.010000
YXXup = -0.474930
Xlo = 0.100010
Ylo = -0.025736
YXXlo = 1.431199
Xte = 0.950000
Yte = 0.050000
Yte' = -0.057153
Δyte'' = 0.200369
