# PARSEC parameters for cap21c
# Fit error: 0.005024
rLE = 0.100000
Xup = 0.492261
Yup = 0.295967
YXXup = -0.499534
Xlo = 0.138615
Ylo = -0.035833
YXXlo = 0.501303
Xte = 0.950000
Yte = 0.044076
Yte' = -0.003945
Δyte'' = 0.000000
