# PARSEC parameters for daytonwright6
# Fit error: 0.008816
rLE = 0.100000
Xup = 0.606352
Yup = 0.010000
YXXup = -1.976655
Xlo = 0.101749
Ylo = -0.014093
YXXlo = 0.486419
Xte = 0.950000
Yte = -0.022434
Yte' = 0.200000
Δyte'' = 0.500000
