# PARSEC parameters for dga1138
# Fit error: 0.003605
rLE = 0.100000
Xup = 0.498127
Yup = 0.080972
YXXup = -0.499676
Xlo = 0.368571
Ylo = -0.010000
YXXlo = 0.500603
Xte = 0.950000
Yte = 0.039151
Yte' = -0.002562
Δyte'' = 0.000000
