# PARSEC parameters for du84132v
# Fit error: 0.006344
rLE = 0.100000
Xup = 0.499417
Yup = 0.107360
YXXup = -0.500007
Xlo = 0.420959
Ylo = -0.034661
YXXlo = 0.500016
Xte = 0.950000
Yte = -0.000357
Yte' = 0.000070
Δyte'' = 0.000041
