# PARSEC parameters for hor07
# Fit error: 0.003402
rLE = 0.100000
Xup = 0.461714
Yup = 0.300000
YXXup = -0.498136
Xlo = 0.100000
Ylo = -0.010008
YXXlo = 0.504859
Xte = 0.950000
Yte = 0.023429
Yte' = -0.003212
Δyte'' = 0.000033
