# PARSEC parameters for hor04
# Fit error: 0.000758
rLE = 0.100000
Xup = 0.346920
Yup = 0.010000
YXXup = -0.435786
Xlo = 0.100020
Ylo = -0.010000
YXXlo = 0.356358
Xte = 0.950000
Yte = 0.049966
Yte' = -0.200000
Δyte'' = 0.000000
