# PARSEC parameters for hor12
# Fit error: 0.005023
rLE = 0.100000
Xup = 0.489078
Yup = 0.145777
YXXup = -0.499658
Xlo = 0.222542
Ylo = -0.010000
YXXlo = 0.501005
Xte = 0.950000
Yte = 0.014931
Yte' = -0.001508
Δyte'' = 0.000000
