# PARSEC parameters for hq17
# Fit error: 0.008808
rLE = 0.100000
Xup = 0.508597
Yup = 0.145479
YXXup = -0.499993
Xlo = 0.233045
Ylo = -0.012508
YXXlo = 0.500084
Xte = 0.950000
Yte = 0.000299
Yte' = -0.000036
Δyte'' = 0.000003
