# PARSEC parameters for hs1404
# Fit error: 0.001217
rLE = 0.100000
Xup = 0.215543
Yup = 0.010000
YXXup = 0.000000
Xlo = 0.122627
Ylo = -0.010000
YXXlo = 1.554498
Xte = 0.950000
Yte = 0.008709
Yte' = -0.200000
Δyte'' = 0.000000
