# PARSEC parameters for jx-gs-04
# Fit error: 0.001519
rLE = 0.100000
Xup = 0.411804
Yup = 0.150388
YXXup = -0.499860
Xlo = 0.100010
Ylo = -0.010546
YXXlo = 0.500501
Xte = 0.950000
Yte = 0.050000
Yte' = -0.003703
Δyte'' = 0.000000
