# PARSEC parameters for jx-gs-06
# Fit error: 0.001385
rLE = 0.100000
Xup = 0.236409
Yup = 0.010000
YXXup = 0.000000
Xlo = 0.130401
Ylo = -0.025104
YXXlo = 4.077406
Xte = 0.950000
Yte = 0.007741
Yte' = -0.200000
Δyte'' = 0.000000
