# PARSEC parameters for jx-gs-10
# Fit error: 0.001748
rLE = 0.100000
Xup = 0.363184
Yup = 0.010000
YXXup = -0.498743
Xlo = 0.199992
Ylo = -0.010000
YXXlo = 0.530609
Xte = 0.950000
Yte = 0.050000
Yte' = -0.200000
Δyte'' = 0.000000
