# PARSEC parameters for kc135winglet
# Fit error: 0.002707
rLE = 0.100000
Xup = 0.454225
Yup = 0.094200
YXXup = -0.515387
Xlo = 0.441953
Ylo = -0.010000
YXXlo = 0.500051
Xte = 0.950000
Yte = 0.050000
Yte' = -0.082387
Δyte'' = 0.015668
