# PARSEC parameters for lrn1015
# Fit error: 0.009016
rLE = 0.100000
Xup = 0.536951
Yup = 0.271032
YXXup = -0.090707
Xlo = 0.173069
Ylo = -0.300000
YXXlo = 0.000000
Xte = 0.950000
Yte = -0.050000
Yte' = 0.200000
Δyte'' = 0.500000
