# PARSEC parameters for s102s
# Fit error: 0.006404
rLE = 0.100000
Xup = 0.494162
Yup = 0.101611
YXXup = -0.500003
Xlo = 0.403777
Ylo = -0.040022
YXXlo = 0.500038
Xte = 0.950000
Yte = 0.000519
Yte' = -0.000044
Δyte'' = 0.000000
