# PARSEC parameters for s102b
# Fit error: 0.006406
rLE = 0.100000
Xup = 0.494233
Yup = 0.101417
YXXup = -0.500003
Xlo = 0.404555
Ylo = -0.040383
YXXlo = 0.500037
Xte = 0.950000
Yte = 0.000512
Yte' = -0.000043
Δyte'' = 0.000000
