# PARSEC parameters for s4096
# Fit error: 0.004878
rLE = 0.100000
Xup = 0.651881
Yup = 0.010000
YXXup = -1.135454
Xlo = 0.333641
Ylo = -0.010000
YXXlo = 0.699846
Xte = 1.049754
Yte = -0.012447
Yte' = 0.162089
Δyte'' = 0.500000
