# PARSEC parameters for s4094
# Fit error: 0.003533
rLE = 0.100000
Xup = 0.464843
Yup = 0.167313
YXXup = -0.497388
Xlo = 0.100000
Ylo = -0.010001
YXXlo = 0.500954
Xte = 0.950000
Yte = 0.001905
Yte' = -0.000099
Δyte'' = 0.000096
