# PARSEC parameters for tsagi_r3a
# Fit error: 0.004881
rLE = 0.100000
Xup = 0.480236
Yup = 0.145572
YXXup = -0.499728
Xlo = 0.227953
Ylo = -0.010000
YXXlo = 0.501175
Xte = 0.950000
Yte = 0.012662
Yte' = -0.001349
Δyte'' = 0.000000
