# PARSEC parameters for w1015
# Fit error: nan
rLE = 0.010000
Xup = 0.393064
Yup = 0.074976
YXXup = -0.500000
Xlo = 0.389815
Ylo = -0.074976
YXXlo = 0.500000
Xte = 1.000000
Yte = 0.000000
Yte' = 0.000000
Δyte'' = 0.000000
