# PARSEC parameters for a18sm_YXXlo_1.6000
rLE = 0.100000
Xup = 0.455432
Yup = 0.091917
YXXup = -0.499990
Xlo = 0.100000
Ylo = -0.017263
YXXlo = 1.600000
Xte = 0.950000
Yte = 0.050000
Yte' = -0.003084
Δyte'' = 0.000000
