# PARSEC parameters for a18sm_Yte'_-0.1000
rLE = 0.100000
Xup = 0.455432
Yup = 0.091917
YXXup = -0.499990
Xlo = 0.100000
Ylo = -0.017263
YXXlo = 0.499930
Xte = 0.950000
Yte = 0.050000
Yte' = -0.100000
Δyte'' = 0.000000
