# PARSEC parameters for a18sm with Ylo -5%
rLE = 0.100000
Xup = 0.455432
Yup = 0.091917
YXXup = -0.499990
Xlo = 0.100000
Ylo = -0.016400
YXXlo = 0.499930
Xte = 0.950000
Yte = 0.050000
Yte' = -0.003084
Δyte'' = 0.000000
