# PARSEC parameters for a18sm_YXXup_-1.5000
rLE = 0.100000
Xup = 0.455432
Yup = 0.091917
YXXup = -1.500000
Xlo = 0.100000
Ylo = -0.017263
YXXlo = 0.499930
Xte = 0.950000
Yte = 0.050000
Yte' = -0.003084
Δyte'' = 0.000000
