# PARSEC parameters for ag13_YXXlo_1.6000
rLE = 0.100000
Xup = 0.228306
Yup = 0.010000
YXXup = 0.000000
Xlo = 0.131928
Ylo = -0.016945
YXXlo = 1.600000
Xte = 0.950000
Yte = 0.008307
Yte' = -0.200000
Δyte'' = 0.000000
