# PARSEC parameters for ag13 with Xup -10%
rLE = 0.100000
Xup = 0.205475
Yup = 0.010000
YXXup = 0.000000
Xlo = 0.131928
Ylo = -0.016945
YXXlo = 2.514677
Xte = 0.950000
Yte = 0.008307
Yte' = -0.200000
Δyte'' = 0.000000
