# PARSEC parameters for ag26_YXXup_-0.5000
rLE = 0.100000
Xup = 0.212115
Yup = 0.010000
YXXup = -0.500000
Xlo = 0.129478
Ylo = -0.015232
YXXlo = 2.411791
Xte = 0.950000
Yte = 0.008098
Yte' = -0.200000
Δyte'' = 0.000000
