# PARSEC parameters for ag26_rLE_0.0775
rLE = 0.077500
Xup = 0.212115
Yup = 0.010000
YXXup = 0.000000
Xlo = 0.129478
Ylo = -0.015232
YXXlo = 2.411791
Xte = 0.950000
Yte = 0.008098
Yte' = -0.200000
Δyte'' = 0.000000
