# PARSEC parameters for ag26_YXXlo_0.2000
rLE = 0.100000
Xup = 0.212115
Yup = 0.010000
YXXup = 0.000000
Xlo = 0.129478
Ylo = -0.015232
YXXlo = 0.200000
Xte = 0.950000
Yte = 0.008098
Yte' = -0.200000
Δyte'' = 0.000000
