# PARSEC parameters for ah93w145 with Xup -10%
rLE = 0.100000
Xup = 0.449222
Yup = 0.264009
YXXup = -0.109601
Xlo = 0.188483
Ylo = -0.015486
YXXlo = 0.000000
Xte = 0.950000
Yte = -0.050000
Yte' = 0.200000
Δyte'' = 0.500000
