# PARSEC parameters for ah93w145 with YXXup -25%
rLE = 0.100000
Xup = 0.499136
Yup = 0.264009
YXXup = -0.082201
Xlo = 0.188483
Ylo = -0.015486
YXXlo = 0.000000
Xte = 0.950000
Yte = -0.050000
Yte' = 0.200000
Δyte'' = 0.500000
