# PARSEC parameters for be50sm_Yup_0.0800
rLE = 0.100000
Xup = 0.190076
Yup = 0.080000
YXXup = 0.000000
Xlo = 0.125831
Ylo = -0.010062
YXXlo = 1.647210
Xte = 0.950000
Yte = 0.007912
Yte' = -0.200000
Δyte'' = 0.000000
