# PARSEC parameters for cr001sm_Yup_0.0800
rLE = 0.100000
Xup = 0.465030
Yup = 0.080000
YXXup = -0.500000
Xlo = 0.249097
Ylo = -0.010003
YXXlo = 0.500010
Xte = 0.950000
Yte = 0.000036
Yte' = -0.000004
Δyte'' = 0.000000
