# PARSEC parameters for cr001sm with YXXup -10%
rLE = 0.100000
Xup = 0.465030
Yup = 0.089013
YXXup = -0.450000
Xlo = 0.249097
Ylo = -0.010003
YXXlo = 0.500010
Xte = 0.950000
Yte = 0.000036
Yte' = -0.000004
Δyte'' = 0.000000
