# PARSEC parameters for cr001sm_YXXlo_1.6000
rLE = 0.100000
Xup = 0.465030
Yup = 0.089013
YXXup = -0.500000
Xlo = 0.249097
Ylo = -0.010003
YXXlo = 1.600000
Xte = 0.950000
Yte = 0.000036
Yte' = -0.000004
Δyte'' = 0.000000
