# PARSEC parameters for cr001sm with Xte -5%
rLE = 0.100000
Xup = 0.465030
Yup = 0.089013
YXXup = -0.500000
Xlo = 0.249097
Ylo = -0.010003
YXXlo = 0.500010
Xte = 0.902500
Yte = 0.000036
Yte' = -0.000004
Δyte'' = 0.000000
