# PARSEC parameters for davissm_YXXlo_0.9000
rLE = 0.100000
Xup = 0.473326
Yup = 0.094136
YXXup = -0.500003
Xlo = 0.344816
Ylo = -0.011636
YXXlo = 0.900000
Xte = 0.950000
Yte = 0.001331
Yte' = -0.000082
Δyte'' = 0.000000
