# PARSEC parameters for hs1606_Xlo_0.5000
rLE = 0.100000
Xup = 0.188842
Yup = 0.010000
YXXup = 0.000000
Xlo = 0.500000
Ylo = -0.010000
YXXlo = 1.584186
Xte = 0.950000
Yte = 0.007570
Yte' = -0.200000
Δyte'' = 0.000000
