# PARSEC parameters for hs1606_rLE_0.1500
rLE = 0.150000
Xup = 0.188842
Yup = 0.010000
YXXup = 0.000000
Xlo = 0.124146
Ylo = -0.010000
YXXlo = 1.584186
Xte = 0.950000
Yte = 0.007570
Yte' = -0.200000
Δyte'' = 0.000000
