# PARSEC parameters for hs1712 with Xlo -10%
rLE = 0.100000
Xup = 0.512788
Yup = 0.130125
YXXup = -0.500005
Xlo = 0.253534
Ylo = -0.010000
YXXlo = 0.500116
Xte = 0.950000
Yte = 0.000323
Yte' = -0.000050
Δyte'' = 0.000000
