# PARSEC parameters for ag13
# Fit error: 1e+06
# Geometry valid: False
rLE = 0.01
Xup = 0.281134
Yup = 0.0517719463
YXXup = -0.5
Xlo = 0.104024107
Ylo = -0.014771
YXXlo = 0.5
Xte = 1
Yte = 0.00512394626
AlphaTE = 0
DeltaAlphaTE = 0
