# PARSEC parameters for ag45ct02r
# Fit error: 1e+06
# Geometry valid: False
rLE = 0.00506033408
Xup = 0.262902155
Yup = 0.052567
YXXup = -0.5
Xlo = 0.150227803
Ylo = -0.0233676141
YXXlo = 0.5
Xte = 1
Yte = 0
AlphaTE = 0
DeltaAlphaTE = 0
